
f = [39.5/30, 26.5/30, 17.5/30, 17.5/30, 9.5/13];

% fast
B = [-80, -76.5, 10.4, -25.1, -10.9]
B.*f

B = [-73.7, -45.7, 5.5, -10.8, -6.6]
B.*f

% cruise
B = [-50.5, -46.2, 6.3, -15.2, -6.5]
B.*f

B = [-43.3, -26.9, 3.2, -6.4, -3.9]
B.*f

% slow
B = [-13.3, -25.0, 1.5, -4.3, -4.5]
B.*f

B = [-13.9, -22.0, 2.6, -5.2, -3.2]
B.*f

% fhover
B = [-3.7, -24.0, 0, -1.1, -5.0]
B.*f

B = [-3.3, -30.3, 3.6, -7.2, -4.4]
B.*f

% hover
B = [0, -30.0, 0, 0, -4.8]
B.*f

B = [0, -24.5, 2.9, -5.8, -3.6]
B.*f




